spawn:
  world: world
  x: -38.31351240989154
  y: 71.0
  z: 0.46349755697239176
  yaw: -91.00113677978516
  pitch: 6.599992752075195
